0 32
0 4
0 13
0 17
0 24
0 25
1 4
1 37
1 23
2 35
2 36
2 38
2 39
2 8
2 7
2 12
2 16
2 20
2 21
2 23
2 4
2 26
3 25
4 32
4 38
4 7
4 8
4 13
4 17
4 19
4 24
4 25
4 26
5 39
5 8
5 10
5 12
5 14
5 15
5 22
5 27
5 30
6 32
6 34
6 11
6 31
7 38
7 9
7 20
7 22
8 32
8 34
8 39
8 12
8 16
8 18
8 20
8 22
8 27
9 18
9 20
10 27
10 12
12 36
12 38
12 39
12 21
12 26
12 27
12 28
13 24
13 32
13 17
14 27
15 34
15 35
15 36
15 39
15 21
15 29
16 39
17 32
17 24
17 25
18 20
19 37
20 35
21 39
21 27
22 27
24 32
24 25
25 32
26 38
27 36
27 39
30 32
30 34
30 39
33 34
34 37
35 39
35 36
36 37
